	OS115	AP114	JJ415	OT115	JJ515	OS615	OJ615	JT415	JP315	OJ514	OJ515	OJ415	AS114	JS415	JP414	OT515	JJ114	OT415	OT414	JP515	JT115	AJ414	OP315	OS214	JT314	OP515	AT414	OS415	OP615	OP614	JS115
OS115	0.0	0.801711617905	0.810628799785	0.733067363159	0.8421792748	0.745616431922	0.778646080496	0.768785384071	0.697971869243	0.788905161993	0.793007111378	0.763681720561	0.737943326461	0.75256814048	0.746227593354	0.741468176742	0.829709969273	0.739652701608	0.736032420906	0.699139866573	0.770169102636	0.705156963097	0.696590276484	0.74042666003	0.772310216212	0.702196625836	0.791434595322	0.581884056228	0.681779462815	0.74346087168	0.666970192426
AP114	0.801711617905	0.0	0.699908410132	0.787477783276	0.686708434199	0.858871352065	0.711463497659	0.668799055581	0.767532615634	0.646033748695	0.756646361615	0.752674010894	0.731270676456	0.876340104005	0.681046905921	0.802614862393	0.670790056359	0.808257986331	0.683134690772	0.765778677255	0.652138287447	0.813278015365	0.81100393541	0.743615659985	0.667766835344	0.797531156263	0.689294208956	0.786051753932	0.790146981927	0.810200630281	0.82075165012
JJ415	0.810628799785	0.699908410132	0.0	0.747693279116	0.56644253283	0.844023953913	0.626532186533	0.618370404829	0.784465249591	0.598072868237	0.650404198772	0.657190906359	0.74287708837	0.857994302448	0.732922092569	0.781748580239	0.596790719482	0.773858508231	0.689513257921	0.790173821537	0.624317227602	0.800431508358	0.805683286571	0.764595694079	0.684947719848	0.797412615097	0.683333083887	0.800562698527	0.811571103013	0.810084544419	0.818186270158
OT115	0.733067363159	0.787477783276	0.747693279116	0.0	0.787532544688	0.777210304234	0.714110434134	0.729622948164	0.733562937042	0.734584624079	0.692665747277	0.690488032947	0.748301328387	0.810626344787	0.759388541398	0.621287109696	0.788503713523	0.613112412525	0.722426292399	0.731927282083	0.743155899306	0.744922690887	0.740157115449	0.762747668496	0.75516174104	0.73288085254	0.738224262251	0.734044265671	0.740314417733	0.766561668112	0.774005103151
JJ515	0.8421792748	0.686708434199	0.56644253283	0.787532544688	0.0	0.878394770443	0.658500263514	0.645919808063	0.827232514152	0.618661906902	0.690966083545	0.707484659623	0.772529618321	0.901495070096	0.767772583386	0.817266197192	0.565158139491	0.819079239929	0.725152942449	0.835535208746	0.63502802179	0.840947397868	0.852524086974	0.791306083622	0.683677734539	0.839475905024	0.705750868918	0.831073733427	0.839993614138	0.850079700972	0.864486240185
OS615	0.745616431922	0.858871352065	0.844023953913	0.777210304234	0.878394770443	0.0	0.83279215653	0.826184948308	0.760365240337	0.843831482648	0.817112909651	0.816188909678	0.79957930544	0.746187505897	0.792643642598	0.774323903457	0.864940243138	0.761181958672	0.815180078136	0.748735287609	0.840616798819	0.751873820354	0.721118698645	0.818771297419	0.829859739857	0.72677184398	0.846266238017	0.699940312899	0.741451059827	0.741951206127	0.758277168129
OJ615	0.778646080496	0.711463497659	0.626532186533	0.714110434134	0.658500263514	0.83279215653	0.0	0.655029051394	0.769078460687	0.617572517193	0.585318487247	0.579778648979	0.706948355106	0.841307384034	0.733967035286	0.752677624985	0.646980414569	0.755237133008	0.683549023786	0.783720425909	0.670730770657	0.767954287638	0.792795623572	0.729795147993	0.694019416405	0.789647613864	0.660535853837	0.778557210563	0.793581923598	0.787688849945	0.804066849767
JT415	0.768785384071	0.668799055581	0.618370404829	0.729622948164	0.645919808063	0.826184948308	0.655029051394	0.0	0.734662827484	0.633743428594	0.678889926964	0.689081738396	0.705119092342	0.840648928366	0.68766862546	0.759077849243	0.654493337794	0.762821512014	0.624751900532	0.745256958983	0.546587876599	0.778868114949	0.780763649673	0.724244489859	0.611958072634	0.775641585889	0.648402332199	0.753897953249	0.76956248632	0.783431978094	0.773037915033
JP315	0.697971869243	0.767532615634	0.784465249591	0.733562937042	0.827232514152	0.760365240337	0.769078460687	0.734662827484	0.0	0.767854912929	0.775632269309	0.760753785137	0.723394206561	0.752057322291	0.706634010757	0.760198980741	0.805981373118	0.739146501732	0.736558525616	0.595191875933	0.745558986629	0.704202070571	0.641145146039	0.743103141823	0.767077303626	0.671957240546	0.783232287778	0.685986070875	0.650222082972	0.691418414721	0.688246683473
OJ514	0.788905161993	0.646033748695	0.598072868237	0.734584624079	0.618661906902	0.843831482648	0.617572517193	0.633743428594	0.767854912929	0.0	0.65508054856	0.645663210851	0.717292521405	0.859175325854	0.701059868472	0.769455307002	0.611363575141	0.761423566559	0.649437638011	0.775563966583	0.624942014442	0.772126924288	0.793803769494	0.729767018341	0.647481882396	0.776607589514	0.662127445588	0.78035872893	0.784380149026	0.789907367964	0.813467194137
OJ515	0.793007111378	0.756646361615	0.650404198772	0.692665747277	0.690966083545	0.817112909651	0.585318487247	0.678889926964	0.775632269309	0.65508054856	0.0	0.564461949957	0.729378872725	0.82978935536	0.768285895793	0.737611750344	0.677054258139	0.719646910401	0.71978981406	0.778902896565	0.689086183203	0.754736655288	0.785732973849	0.753533684275	0.7267722525	0.782504167885	0.687311390766	0.781907661405	0.788893582493	0.788034591481	0.813191148945
OJ415	0.763681720561	0.752674010894	0.657190906359	0.690488032947	0.707484659623	0.816188909678	0.579778648979	0.689081738396	0.760753785137	0.645663210851	0.564461949957	0.0	0.732929985122	0.825072883845	0.749322853757	0.719548755088	0.68532049169	0.714423850621	0.71664191953	0.761334806334	0.698214245318	0.750484671123	0.77118300757	0.739036007045	0.726817950597	0.76802076366	0.694433712423	0.772553302913	0.778454577087	0.781883967377	0.800775070812
AS114	0.737943326461	0.731270676456	0.74287708837	0.748301328387	0.772529618321	0.79957930544	0.706948355106	0.705119092342	0.723394206561	0.717292521405	0.729378872725	0.732929985122	0.0	0.754396257433	0.682728423369	0.772020219348	0.764901187567	0.75882443079	0.646360509806	0.725356280929	0.703362292164	0.711511643002	0.754936047253	0.604757730448	0.701676940395	0.773345394686	0.668696708117	0.722164646553	0.778611949608	0.717243060462	0.725505619477
JS415	0.75256814048	0.876340104005	0.857994302448	0.810626344787	0.901495070096	0.746187505897	0.841307384034	0.840648928366	0.752057322291	0.859175325854	0.82978935536	0.825072883845	0.754396257433	0.0	0.799685149757	0.814862532675	0.888792214086	0.79131312631	0.82098314468	0.720500942415	0.848196009429	0.750856010358	0.744354594413	0.784396233361	0.860831008557	0.766917727419	0.854967577843	0.748690173521	0.787780833429	0.711994191553	0.654417668013
JP414	0.746227593354	0.681046905921	0.732922092569	0.759388541398	0.767772583386	0.792643642598	0.733967035286	0.68766862546	0.706634010757	0.701059868472	0.768285895793	0.749322853757	0.682728423369	0.799685149757	0.0	0.779904069769	0.736915122087	0.781785496282	0.645927286066	0.696869738446	0.678414958292	0.741741696571	0.755962952641	0.68277343329	0.650815593126	0.743102013489	0.692916499942	0.727884225644	0.755476821267	0.728959520855	0.736823518734
OT515	0.741468176742	0.802614862393	0.781748580239	0.621287109696	0.817266197192	0.774323903457	0.752677624985	0.759077849243	0.760198980741	0.769455307002	0.737611750344	0.719548755088	0.772020219348	0.814862532675	0.779904069769	0.0	0.811496841973	0.600434994481	0.747693977211	0.762371641501	0.770041835172	0.745804843213	0.731876787417	0.794037964065	0.775611865954	0.736152231656	0.765618093475	0.741889822698	0.741074043044	0.776273622639	0.785344577225
JJ114	0.829709969273	0.670790056359	0.596790719482	0.788503713523	0.565158139491	0.864940243138	0.646980414569	0.654493337794	0.805981373118	0.611363575141	0.677054258139	0.68532049169	0.764901187567	0.888792214086	0.736915122087	0.811496841973	0.0	0.810732624637	0.714962585242	0.817979579864	0.649391726028	0.80530612021	0.824333177957	0.764083194672	0.665268412701	0.815928319663	0.709570332087	0.820254828521	0.821348858377	0.820553048352	0.860849696235
OT415	0.739652701608	0.808257986331	0.773858508231	0.613112412525	0.819079239929	0.761181958672	0.755237133008	0.762821512014	0.739146501732	0.761423566559	0.719646910401	0.714423850621	0.75882443079	0.79131312631	0.781785496282	0.600434994481	0.810732624637	0.0	0.743945703258	0.744845869521	0.775726991238	0.721120615216	0.723278207155	0.779772482074	0.777546643424	0.73357282193	0.770332427641	0.740120787728	0.748448953684	0.752927437892	0.768110225843
OT414	0.736032420906	0.683134690772	0.689513257921	0.722426292399	0.725152942449	0.815180078136	0.683549023786	0.624751900532	0.736558525616	0.649437638011	0.71978981406	0.71664191953	0.646360509806	0.82098314468	0.645927286066	0.747693977211	0.714962585242	0.743945703258	0.0	0.744455084768	0.617706421323	0.744759221798	0.766944105381	0.636801685703	0.585229144584	0.759216547555	0.596917998157	0.72706324833	0.766679111878	0.755238801291	0.763630798126
JP515	0.699139866573	0.765778677255	0.790173821537	0.731927282083	0.835535208746	0.748735287609	0.783720425909	0.745256958983	0.595191875933	0.775563966583	0.778902896565	0.761334806334	0.725356280929	0.720500942415	0.696869738446	0.762371641501	0.817979579864	0.744845869521	0.744455084768	0.0	0.759484337903	0.706270731693	0.672093318268	0.735161525256	0.77768845438	0.649099077754	0.782713602147	0.692816449439	0.66818337297	0.688516272385	0.66765394628
JT115	0.770169102636	0.652138287447	0.624317227602	0.743155899306	0.63502802179	0.840616798819	0.670730770657	0.546587876599	0.745558986629	0.624942014442	0.689086183203	0.698214245318	0.703362292164	0.848196009429	0.678414958292	0.770041835172	0.649391726028	0.775726991238	0.617706421323	0.759484337903	0.0	0.779532034424	0.797530544254	0.717425450423	0.600775556265	0.787394727675	0.637019269647	0.759044731455	0.782038139106	0.795778345841	0.781934996264
AJ414	0.705156963097	0.813278015365	0.800431508358	0.744922690887	0.840947397868	0.751873820354	0.767954287638	0.778868114949	0.704202070571	0.772126924288	0.754736655288	0.750484671123	0.711511643002	0.750856010358	0.741741696571	0.745804843213	0.80530612021	0.721120615216	0.744759221798	0.706270731693	0.779532034424	0.0	0.694136792753	0.699065851423	0.774775486399	0.722640174702	0.790296882312	0.720622278189	0.733543522819	0.661090862357	0.743763926067
OP315	0.696590276484	0.81100393541	0.805683286571	0.740157115449	0.852524086974	0.721118698645	0.792795623572	0.780763649673	0.641145146039	0.793803769494	0.785732973849	0.77118300757	0.754936047253	0.744354594413	0.755962952641	0.731876787417	0.824333177957	0.723278207155	0.766944105381	0.672093318268	0.797530544254	0.694136792753	0.0	0.773669655678	0.803800166077	0.598216391962	0.816143841069	0.699357660055	0.647217177104	0.674709067069	0.749692533838
OS214	0.74042666003	0.743615659985	0.764595694079	0.762747668496	0.791306083622	0.818771297419	0.729795147993	0.724244489859	0.743103141823	0.729767018341	0.753533684275	0.739036007045	0.604757730448	0.784396233361	0.68277343329	0.794037964065	0.764083194672	0.779772482074	0.636801685703	0.735161525256	0.717425450423	0.699065851423	0.773669655678	0.0	0.709809418344	0.78004050626	0.677321223831	0.725993821268	0.792209851888	0.717546025773	0.750076689885
JT314	0.772310216212	0.667766835344	0.684947719848	0.75516174104	0.683677734539	0.829859739857	0.694019416405	0.611958072634	0.767077303626	0.647481882396	0.7267722525	0.726817950597	0.701676940395	0.860831008557	0.650815593126	0.775611865954	0.665268412701	0.777546643424	0.585229144584	0.77768845438	0.600775556265	0.774775486399	0.803800166077	0.709809418344	0.0	0.786023089099	0.624187730083	0.75438231468	0.781498987909	0.79615639783	0.807772080649
OP515	0.702196625836	0.797531156263	0.797412615097	0.73288085254	0.839475905024	0.72677184398	0.789647613864	0.775641585889	0.671957240546	0.776607589514	0.782504167885	0.76802076366	0.773345394686	0.766917727419	0.743102013489	0.736152231656	0.815928319663	0.73357282193	0.759216547555	0.649099077754	0.787394727675	0.722640174702	0.598216391962	0.78004050626	0.786023089099	0.0	0.80539246361	0.694710201644	0.610527263775	0.701186470671	0.752276528381
AT414	0.791434595322	0.689294208956	0.683333083887	0.738224262251	0.705750868918	0.846266238017	0.660535853837	0.648402332199	0.783232287778	0.662127445588	0.687311390766	0.694433712423	0.668696708117	0.854967577843	0.692916499942	0.765618093475	0.709570332087	0.770332427641	0.596917998157	0.782713602147	0.637019269647	0.790296882312	0.816143841069	0.677321223831	0.624187730083	0.80539246361	0.0	0.776735489985	0.801434204627	0.800070835722	0.802069830982
OS415	0.581884056228	0.786051753932	0.800562698527	0.734044265671	0.831073733427	0.699940312899	0.778557210563	0.753897953249	0.685986070875	0.78035872893	0.781907661405	0.772553302913	0.722164646553	0.748690173521	0.727884225644	0.741889822698	0.820254828521	0.740120787728	0.72706324833	0.692816449439	0.759044731455	0.720622278189	0.699357660055	0.725993821268	0.75438231468	0.694710201644	0.776735489985	0.0	0.659704615403	0.737348539818	0.70316255192
OP615	0.681779462815	0.790146981927	0.811571103013	0.740314417733	0.839993614138	0.741451059827	0.793581923598	0.76956248632	0.650222082972	0.784380149026	0.788893582493	0.778454577087	0.778611949608	0.787780833429	0.755476821267	0.741074043044	0.821348858377	0.748448953684	0.766679111878	0.66818337297	0.782038139106	0.733543522819	0.647217177104	0.792209851888	0.781498987909	0.610527263775	0.801434204627	0.659704615403	0.0	0.714705280676	0.755678617096
OP614	0.74346087168	0.810200630281	0.810084544419	0.766561668112	0.850079700972	0.741951206127	0.787688849945	0.783431978094	0.691418414721	0.789907367964	0.788034591481	0.781883967377	0.717243060462	0.711994191553	0.728959520855	0.776273622639	0.820553048352	0.752927437892	0.755238801291	0.688516272385	0.795778345841	0.661090862357	0.674709067069	0.717546025773	0.79615639783	0.701186470671	0.800070835722	0.737348539818	0.714705280676	0.0	0.726687571537
JS115	0.666970192426	0.82075165012	0.818186270158	0.774005103151	0.864486240185	0.758277168129	0.804066849767	0.773037915033	0.688246683473	0.813467194137	0.813191148945	0.800775070812	0.725505619477	0.654417668013	0.736823518734	0.785344577225	0.860849696235	0.768110225843	0.763630798126	0.66765394628	0.781934996264	0.743763926067	0.749692533838	0.750076689885	0.807772080649	0.752276528381	0.802069830982	0.70316255192	0.755678617096	0.726687571537	0.0