	OS115	AP114	JJ415	OT115	JJ515	OS615	OJ615	JT415	JP315	OJ514	OJ515	OJ415	AS114	JS415	JP414	OT515	JJ114	OT415	OT414	JP515	JT115	AJ414	OP315	OS214	JT314	OP515	AT414	OS415	OP615	OP614	JS115
OS115	0.0	0.536017711739	0.584096304002	0.500153322145	0.717478728551	0.458275049625	0.702428510663	0.589180937527	0.407801462716	0.516901113748	0.662608931103	0.665234329408	0.554895035447	0.610458602969	0.483416930177	0.468539348071	0.782737472149	0.489960520559	0.391581345236	0.390116755404	0.596601077288	0.456955907578	0.435149331578	0.523064293816	0.461353130588	0.465605769264	0.763682812003	0.300979444718	0.406894938222	0.531626243815	0.440647976793
AP114	0.536017711739	0.0	0.407978282647	0.45419651726	0.465692425128	0.602839949073	0.618604673168	0.321609030933	0.351095698082	0.383891266819	0.59671729535	0.601038824329	0.487771211262	0.56267499754	0.423594737984	0.474600234092	0.580451129373	0.443893210741	0.384747593102	0.357737549408	0.28965847594	0.506881999769	0.456987436847	0.455867546225	0.364765084059	0.454561066003	0.629406401227	0.646203318672	0.538248396944	0.488071653694	0.353119106166
JJ415	0.584096304002	0.407978282647	0.0	0.315832853092	0.276048948465	0.583474758818	0.324257415145	0.314455752481	0.392098289302	0.222443143031	0.302718397523	0.305928738679	0.237179175323	0.345991080471	0.48880654475	0.394171679736	0.372245387019	0.306942102491	0.367822436992	0.405440635435	0.314609488122	0.452720315403	0.347729670419	0.274238677624	0.475182621893	0.39731443242	0.37876890101	0.643689542521	0.626002163836	0.252487171793	0.275849229434
OT115	0.500153322145	0.45419651726	0.315832853092	0.0	0.46258982378	0.535387518736	0.374302539425	0.428829180242	0.381529860528	0.265516701004	0.324873109465	0.329094514598	0.362609134813	0.456579822333	0.536967727365	0.205969519662	0.476613867299	0.185676360138	0.408587374924	0.36309467664	0.455553684713	0.361159786163	0.326473048699	0.322258830695	0.538627834717	0.375826620562	0.445143353106	0.54312505194	0.545781750919	0.330004021528	0.39923155155
JJ515	0.717478728551	0.465692425128	0.276048948465	0.46258982378	0.0	0.734977736624	0.373970184901	0.411884893081	0.529917276252	0.374576819063	0.354195858966	0.361017271044	0.448829169536	0.562079924188	0.615838457999	0.529553370468	0.267538439191	0.489825945485	0.488170821204	0.54167467201	0.406092737926	0.618687414856	0.551299402471	0.440790148731	0.559315140484	0.575143031338	0.396742575306	0.775088244162	0.771625832055	0.475429242744	0.438347454209
OS615	0.458275049625	0.602839949073	0.583474758818	0.535387518736	0.734977736624	0.0	0.719304814954	0.615014773576	0.509245380075	0.55432113979	0.677392125061	0.675683131167	0.544173515148	0.564970155386	0.572868279464	0.454053905206	0.816807147776	0.465497582395	0.528019195868	0.434121885182	0.65744596574	0.37730189965	0.421728752279	0.563136134437	0.604789802946	0.459932484736	0.786944678376	0.462599893226	0.465455977604	0.498405281403	0.549584893949
OJ615	0.702428510663	0.618604673168	0.324257415145	0.374302539425	0.373970184901	0.719304814954	0.0	0.490768482884	0.571935964872	0.319077774531	0.0888443702075	0.0965954179808	0.317151652826	0.447617387077	0.682757674991	0.468591864059	0.317968352672	0.39396019011	0.500363006742	0.542880801817	0.520618957435	0.54955011748	0.489716948118	0.284851925982	0.687140226858	0.541952785092	0.186328351515	0.730780959808	0.742056796493	0.346639037588	0.496368189184
JT415	0.589180937527	0.321609030933	0.314455752481	0.428829180242	0.411884893081	0.615014773576	0.490768482884	0.0	0.375494942273	0.305345035157	0.468115592754	0.490713145924	0.386185665963	0.468734971498	0.452438166324	0.480222302439	0.547843573599	0.402179450505	0.34599377673	0.408611912092	0.124655324228	0.493036367082	0.429755478746	0.364957111317	0.396400082178	0.450347552302	0.492375387598	0.656904248676	0.612193001244	0.402580281837	0.280294539483
JP315	0.407801462716	0.351095698082	0.392098289302	0.381529860528	0.529917276252	0.509245380075	0.571935964872	0.375494942273	0.0	0.382044462513	0.536483992592	0.536110805868	0.393064933013	0.475254504181	0.401060901068	0.385203415608	0.626174097341	0.378956099424	0.377878464076	0.164986385023	0.417241931769	0.348228822015	0.291907314448	0.372941093782	0.46662319772	0.331704122515	0.601743728406	0.46129383084	0.332770355624	0.369235582337	0.281507771058
OJ514	0.516901113748	0.383891266819	0.222443143031	0.265516701004	0.374576819063	0.55432113979	0.319077774531	0.305345035157	0.382044462513	0.0	0.288350050638	0.299272915883	0.2429608594	0.353369196157	0.475136242947	0.339347839347	0.394900996846	0.243582577621	0.301079181689	0.354691250326	0.335011441882	0.383192671084	0.310601506409	0.221168338783	0.462535176654	0.35344777945	0.388863148529	0.57566781562	0.558097409069	0.226355829451	0.309741685234
OJ515	0.662608931103	0.59671729535	0.302718397523	0.324873109465	0.354195858966	0.677392125061	0.0888443702075	0.468115592754	0.536483992592	0.288350050638	0.0	0.0616356185075	0.291478653896	0.396403669377	0.646739476258	0.418325869383	0.359981852195	0.343075009115	0.473294612113	0.498878339651	0.494112912411	0.507160604763	0.441103891895	0.250114963975	0.661685614456	0.49659859342	0.224013866431	0.689130005498	0.695870441853	0.297478910559	0.458942927747
OJ415	0.665234329408	0.601038824329	0.305928738679	0.329094514598	0.361017271044	0.675683131167	0.0965954179808	0.490713145924	0.536110805868	0.299272915883	0.0616356185075	0.0	0.299225030817	0.395733760525	0.644007817356	0.418588325472	0.347082188431	0.343761602477	0.478109058132	0.495263955554	0.502683163286	0.508509956885	0.438170721954	0.255862243699	0.667029010967	0.493480948233	0.231469828699	0.691907916896	0.691311466188	0.290451529558	0.457633064035
AS114	0.554895035447	0.487771211262	0.237179175323	0.362609134813	0.448829169536	0.544173515148	0.317151652826	0.386185665963	0.393064933013	0.2429608594	0.291478653896	0.299225030817	0.0	0.185791244249	0.502059115715	0.425069335918	0.515717091062	0.306361067739	0.353913095865	0.37264186348	0.410128745623	0.385755808328	0.26036669811	0.16649876096	0.552619561041	0.325225319309	0.417184379467	0.601533221447	0.579390952284	0.125887366243	0.297482927168
JS415	0.610458602969	0.56267499754	0.345991080471	0.456579822333	0.562079924188	0.564970155386	0.447617387077	0.468734971498	0.475254504181	0.353369196157	0.396403669377	0.395733760525	0.185791244249	0.0	0.542444866171	0.50348428745	0.630883175439	0.38030475332	0.453752956104	0.446805932174	0.491164908996	0.467031026071	0.294623418791	0.288063910703	0.619199994213	0.360674027605	0.551002644174	0.666518065048	0.599709780086	0.193708363089	0.357769879047
JP414	0.483416930177	0.423594737984	0.48880654475	0.536967727365	0.615838457999	0.572868279464	0.682757674991	0.452438166324	0.401060901068	0.475136242947	0.646739476258	0.644007817356	0.502059115715	0.542444866171	0.0	0.540966515235	0.728906174658	0.472461470529	0.336808565063	0.432428475361	0.478578129576	0.533318945571	0.439224761712	0.478554805984	0.335787013224	0.473901309934	0.69136773836	0.655645881536	0.513712853381	0.474323510229	0.396367892011
OT515	0.468539348071	0.474600234092	0.394171679736	0.205969519662	0.529553370468	0.454053905206	0.468591864059	0.480222302439	0.385203415608	0.339347839347	0.418325869383	0.418588325472	0.425069335918	0.50348428745	0.540966515235	0.0	0.562852923696	0.200205129199	0.421162625655	0.341083454961	0.499155211667	0.294242955525	0.360717465204	0.394979236668	0.549600233514	0.373870291675	0.543495523887	0.497058754015	0.484728246766	0.376514134379	0.433418766747
JJ114	0.782737472149	0.580451129373	0.372245387019	0.476613867299	0.267538439191	0.816807147776	0.317968352672	0.547843573599	0.626174097341	0.394900996846	0.359981852195	0.347082188431	0.515717091062	0.630883175439	0.728906174658	0.562852923696	0.0	0.519532894181	0.559419754333	0.603309779508	0.535113906942	0.655005314101	0.600135744379	0.471337264678	0.681471454614	0.632084136694	0.318589459186	0.826913715964	0.834458220724	0.505134072166	0.554628785266
OT415	0.489960520559	0.443893210741	0.306942102491	0.185676360138	0.489825945485	0.465497582395	0.39396019011	0.402179450505	0.378956099424	0.243582577621	0.343075009115	0.343761602477	0.306361067739	0.38030475332	0.472461470529	0.200205129199	0.519532894181	0.0	0.361737587893	0.342003053908	0.430941477473	0.327198689198	0.268757138227	0.302351838306	0.510026061229	0.315241731821	0.471732054458	0.531320023728	0.49092327903	0.25970699702	0.351692800139
OT414	0.391581345236	0.384747593102	0.367822436992	0.408587374924	0.488170821204	0.528019195868	0.500363006742	0.34599377673	0.377878464076	0.301079181689	0.473294612113	0.478109058132	0.353913095865	0.453752956104	0.336808565063	0.421162625655	0.559419754333	0.361737587893	0.0	0.351009712665	0.342305479904	0.437775389913	0.36007104488	0.31354244683	0.24382233369	0.391732682948	0.49273695622	0.539911368963	0.483090846957	0.35841744466	0.33104174137
JP515	0.390116755404	0.357737549408	0.405440635435	0.36309467664	0.54167467201	0.434121885182	0.542880801817	0.408611912092	0.164986385023	0.354691250326	0.498878339651	0.495263955554	0.37264186348	0.446805932174	0.432428475361	0.341083454961	0.603309779508	0.342003053908	0.351009712665	0.0	0.438043429497	0.291526744987	0.307334279348	0.355250015336	0.485462457536	0.295685634712	0.57638072369	0.420061826442	0.325218598918	0.349087590787	0.311849572036
JT115	0.596601077288	0.28965847594	0.314609488122	0.455553684713	0.406092737926	0.65744596574	0.520618957435	0.124655324228	0.417241931769	0.335011441882	0.494112912411	0.502683163286	0.410128745623	0.491164908996	0.478578129576	0.499155211667	0.535113906942	0.430941477473	0.342305479904	0.438043429497	0.0	0.532316159032	0.474401409763	0.378743361208	0.379488482595	0.480910884864	0.501208094852	0.682147010041	0.632279338523	0.420697729969	0.28132549958
AJ414	0.456955907578	0.506881999769	0.452720315403	0.361159786163	0.618687414856	0.37730189965	0.54955011748	0.493036367082	0.348228822015	0.383192671084	0.507160604763	0.508509956885	0.385755808328	0.467031026071	0.533318945571	0.294242955525	0.655005314101	0.327198689198	0.437775389913	0.291526744987	0.532316159032	0.0	0.346323361208	0.360424687057	0.583035069012	0.374659069707	0.626631767991	0.450346158164	0.444233629445	0.341679687202	0.418296912526
OP315	0.435149331578	0.456987436847	0.347729670419	0.326473048699	0.551299402471	0.421728752279	0.489716948118	0.429755478746	0.291907314448	0.310601506409	0.441103891895	0.438170721954	0.26036669811	0.294623418791	0.439224761712	0.360717465204	0.600135744379	0.268757138227	0.36007104488	0.307334279348	0.474401409763	0.346323361208	0.0	0.3054900952	0.504015322492	0.169987952487	0.565103028733	0.481724387858	0.415814566394	0.188561348129	0.310387642582
OS214	0.523064293816	0.455867546225	0.274238677624	0.322258830695	0.440790148731	0.563136134437	0.284851925982	0.364957111317	0.372941093782	0.221168338783	0.250114963975	0.255862243699	0.16649876096	0.288063910703	0.478554805984	0.394979236668	0.471337264678	0.302351838306	0.31354244683	0.355250015336	0.378743361208	0.360424687057	0.3054900952	0.0	0.513812913279	0.357346703608	0.371048973929	0.57923579849	0.568758936312	0.165994349663	0.311285640209
JT314	0.461353130588	0.364765084059	0.475182621893	0.538627834717	0.559315140484	0.604789802946	0.687140226858	0.396400082178	0.46662319772	0.462535176654	0.661685614456	0.667029010967	0.552619561041	0.619199994213	0.335787013224	0.549600233514	0.681471454614	0.510026061229	0.24382233369	0.485462457536	0.379488482595	0.583035069012	0.504015322492	0.513812913279	0.0	0.526585123991	0.661394483058	0.636958387974	0.545418400127	0.546639257502	0.433858547701
OP515	0.465605769264	0.454561066003	0.39731443242	0.375826620562	0.575143031338	0.459932484736	0.541952785092	0.450347552302	0.331704122515	0.35344777945	0.49659859342	0.493480948233	0.325225319309	0.360674027605	0.473901309934	0.373870291675	0.632084136694	0.315241731821	0.391732682948	0.295685634712	0.480910884864	0.374659069707	0.169987952487	0.357346703608	0.526585123991	0.0	0.611075939697	0.522542692497	0.4410984036	0.26564122573	0.329624241732
AT414	0.763682812003	0.629406401227	0.37876890101	0.445143353106	0.396742575306	0.786944678376	0.186328351515	0.492375387598	0.601743728406	0.388863148529	0.224013866431	0.231469828699	0.417184379467	0.551002644174	0.69136773836	0.543495523887	0.318589459186	0.471732054458	0.49273695622	0.57638072369	0.501208094852	0.626631767991	0.565103028733	0.371048973929	0.661394483058	0.611075939697	0.0	0.794071807923	0.809664440811	0.44236180445	0.530714567841
OS415	0.300979444718	0.646203318672	0.643689542521	0.54312505194	0.775088244162	0.462599893226	0.730780959808	0.656904248676	0.46129383084	0.57566781562	0.689130005498	0.691907916896	0.601533221447	0.666518065048	0.655645881536	0.497058754015	0.826913715964	0.531320023728	0.539911368963	0.420061826442	0.682147010041	0.450346158164	0.481724387858	0.57923579849	0.636958387974	0.522542692497	0.794071807923	0.0	0.451487405886	0.572385715154	0.56783595648
OP615	0.406894938222	0.538248396944	0.626002163836	0.545781750919	0.771625832055	0.465455977604	0.742056796493	0.612193001244	0.332770355624	0.558097409069	0.695870441853	0.691311466188	0.579390952284	0.599709780086	0.513712853381	0.484728246766	0.834458220724	0.49092327903	0.483090846957	0.325218598918	0.632279338523	0.444233629445	0.415814566394	0.568758936312	0.545418400127	0.4410984036	0.809664440811	0.451487405886	0.0	0.528568822883	0.503749974247
OP614	0.531626243815	0.488071653694	0.252487171793	0.330004021528	0.475429242744	0.498405281403	0.346639037588	0.402580281837	0.369235582337	0.226355829451	0.297478910559	0.290451529558	0.125887366243	0.193708363089	0.474323510229	0.376514134379	0.505134072166	0.25970699702	0.35841744466	0.349087590787	0.420697729969	0.341679687202	0.188561348129	0.165994349663	0.546639257502	0.26564122573	0.44236180445	0.572385715154	0.528568822883	0.0	0.293612419051
JS115	0.440647976793	0.353119106166	0.275849229434	0.39923155155	0.438347454209	0.549584893949	0.496368189184	0.280294539483	0.281507771058	0.309741685234	0.458942927747	0.457633064035	0.297482927168	0.357769879047	0.396367892011	0.433418766747	0.554628785266	0.351692800139	0.33104174137	0.311849572036	0.28132549958	0.418296912526	0.310387642582	0.311285640209	0.433858547701	0.329624241732	0.530714567841	0.56783595648	0.503749974247	0.293612419051	0.0